m1=100;
b=50;
k1=50;
k2=200;
m2=20;