
m1 = 200;

m2 = 5;
k1 = 0.5;

k2 = 0.6;
b = 7;
t = (0:0.001:100)';
u = 0.05*sin(50*t*2*pi);