m1=500;
b=7500;
k1=35000;
k2=60000;
m2=15;